-2.5 -5.2e-20
-2.4975 -5.2e-20
-2.495 -5.2e-20
-2.4925 -5.2e-20
-2.49 -5.2e-20
-2.4875 -5.2e-20
-2.485 -5.2e-20
-2.4825 -5.2e-20
-2.48 -5.2e-20
-2.4775 -5.2e-20
-2.475 -5.2e-20
-2.4725 -5.2e-20
-2.47 -5.2e-20
-2.4675 -5.2e-20
-2.465 -5.2e-20
-2.4625 -5.2e-20
-2.46 -5.2e-20
-2.4575 -5.2e-20
-2.455 -5.2e-20
-2.4525 -5.2e-20
-2.45 -5.2e-20
-2.4475 -5.2e-20
-2.445 -5.2e-20
-2.4425 -5.2e-20
-2.44 -5.2e-20
-2.4375 -5.2e-20
-2.435 -5.2e-20
-2.4325 -5.2e-20
-2.43 -5.2e-20
-2.4275 -5.2e-20
-2.425 -5.2e-20
-2.4225 -5.2e-20
-2.42 -5.2e-20
-2.4175 -5.2e-20
-2.415 -5.2e-20
-2.4125 -5.2e-20
-2.41 -5.2e-20
-2.4075 -5.2e-20
-2.405 -5.2e-20
-2.4025 -5.2e-20
-2.4 -5.2e-20
-2.3975 -5.2e-20
-2.395 -5.2e-20
-2.3925 -5.2e-20
-2.39 -5.2e-20
-2.3875 -5.2e-20
-2.385 -5.2e-20
-2.3825 -5.2e-20
-2.38 -5.2e-20
-2.3775 -5.2e-20
-2.375 -5.2e-20
-2.3725 -5.2e-20
-2.37 -5.2e-20
-2.3675 -5.2e-20
-2.365 -5.2e-20
-2.3625 -5.2e-20
-2.36 -5.2e-20
-2.3575 -5.2e-20
-2.355 -5.2e-20
-2.3525 -5.2e-20
-2.35 -5.2e-20
-2.3475 -5.2e-20
-2.345 -5.2e-20
-2.3425 -5.2e-20
-2.34 -5.2e-20
-2.3375 -5.2e-20
-2.335 -5.2e-20
-2.3325 -5.2e-20
-2.33 -5.2e-20
-2.3275 -5.2e-20
-2.325 -5.2e-20
-2.3225 -5.2e-20
-2.32 -5.2e-20
-2.3175 -5.2e-20
-2.315 -5.2e-20
-2.3125 -5.2e-20
-2.31 -5.2e-20
-2.3075 -5.2e-20
-2.305 -5.2e-20
-2.3025 -5.2e-20
-2.3 -5.2e-20
-2.2975 -5.2e-20
-2.295 -5.2e-20
-2.2925 -5.2e-20
-2.29 -5.2e-20
-2.2875 -5.2e-20
-2.285 -5.2e-20
-2.2825 -5.2e-20
-2.28 -5.2e-20
-2.2775 -5.2e-20
-2.275 -5.2e-20
-2.2725 -5.2e-20
-2.27 -5.2e-20
-2.2675 -5.2e-20
-2.265 -5.2e-20
-2.2625 -5.2e-20
-2.26 -5.2e-20
-2.2575 -5.2e-20
-2.255 -5.2e-20
-2.2525 -5.2e-20
-2.25 -5.2e-20
-2.2475 -5.2e-20
-2.245 -5.2e-20
-2.2425 -5.2e-20
-2.24 -5.2e-20
-2.2375 -5.2e-20
-2.235 -5.2e-20
-2.2325 -5.2e-20
-2.23 -5.2e-20
-2.2275 -5.2e-20
-2.225 -5.2e-20
-2.2225 -5.2e-20
-2.22 -5.2e-20
-2.2175 -5.2e-20
-2.215 -5.2e-20
-2.2125 -5.2e-20
-2.21 -5.2e-20
-2.2075 -5.2e-20
-2.205 -5.2e-20
-2.2025 -5.2e-20
-2.2 -5.2e-20
-2.1975 -5.2e-20
-2.195 -5.2e-20
-2.1925 -5.2e-20
-2.19 -5.2e-20
-2.1875 -5.2e-20
-2.185 -5.2e-20
-2.1825 -5.2e-20
-2.18 -5.2e-20
-2.1775 -5.2e-20
-2.175 -5.2e-20
-2.1725 -5.2e-20
-2.17 -5.2e-20
-2.1675 -5.2e-20
-2.165 -5.2e-20
-2.1625 -5.2e-20
-2.16 -5.2e-20
-2.1575 -5.2e-20
-2.155 -5.2e-20
-2.1525 -5.2e-20
-2.15 -5.2e-20
-2.1475 -5.2e-20
-2.145 -5.2e-20
-2.1425 -5.2e-20
-2.14 -5.2e-20
-2.1375 -5.2e-20
-2.135 -5.2e-20
-2.1325 -5.2e-20
-2.13 -5.2e-20
-2.1275 -5.2e-20
-2.125 -5.2e-20
-2.1225 -5.2e-20
-2.12 -5.2e-20
-2.1175 -5.2e-20
-2.115 -5.2e-20
-2.1125 -5.2e-20
-2.11 -5.2e-20
-2.1075 -5.2e-20
-2.105 -5.2e-20
-2.1025 -5.2e-20
-2.1 -5.2e-20
-2.0975 -5.2e-20
-2.095 -5.2e-20
-2.0925 -5.2e-20
-2.09 -5.2e-20
-2.0875 -5.2e-20
-2.085 -5.2e-20
-2.0825 -5.2e-20
-2.08 -5.2e-20
-2.0775 -5.2e-20
-2.075 -5.2e-20
-2.0725 -5.2e-20
-2.07 -5.2e-20
-2.0675 -5.2e-20
-2.065 -5.2e-20
-2.0625 -5.2e-20
-2.06 -5.2e-20
-2.0575 -5.2e-20
-2.055 -5.2e-20
-2.0525 -5.2e-20
-2.05 -5.2e-20
-2.0475 -5.2e-20
-2.045 -5.2e-20
-2.0425 -5.2e-20
-2.04 -5.2e-20
-2.0375 -5.2e-20
-2.035 -5.2e-20
-2.0325 -5.2e-20
-2.03 -5.2e-20
-2.0275 -5.2e-20
-2.025 -5.2e-20
-2.0225 -5.2e-20
-2.02 -5.2e-20
-2.0175 -5.2e-20
-2.015 -5.2e-20
-2.0125 -5.2e-20
-2.01 -5.2e-20
-2.0075 -5.2e-20
-2.005 -5.2e-20
-2.0025 -5.2e-20
-2 2.08e-19
-1.9975 2.08e-19
-1.995 2.08e-19
-1.9925 2.08e-19
-1.99 2.08e-19
-1.9875 2.08e-19
-1.985 2.08e-19
-1.9825 2.08e-19
-1.98 2.08e-19
-1.9775 2.08e-19
-1.975 2.08e-19
-1.9725 2.08e-19
-1.97 2.08e-19
-1.9675 2.08e-19
-1.965 2.08e-19
-1.9625 2.08e-19
-1.96 2.08e-19
-1.9575 2.08e-19
-1.955 2.08e-19
-1.9525 2.08e-19
-1.95 2.08e-19
-1.9475 2.08e-19
-1.945 2.08e-19
-1.9425 2.08e-19
-1.94 2.08e-19
-1.9375 2.08e-19
-1.935 2.08e-19
-1.9325 2.08e-19
-1.93 2.08e-19
-1.9275 2.08e-19
-1.925 2.08e-19
-1.9225 2.08e-19
-1.92 2.08e-19
-1.9175 2.08e-19
-1.915 2.08e-19
-1.9125 2.08e-19
-1.91 2.08e-19
-1.9075 2.08e-19
-1.905 2.08e-19
-1.9025 2.08e-19
-1.9 2.08e-19
-1.8975 2.08e-19
-1.895 2.08e-19
-1.8925 2.08e-19
-1.89 2.08e-19
-1.8875 2.08e-19
-1.885 2.08e-19
-1.8825 2.08e-19
-1.88 2.08e-19
-1.8775 2.08e-19
-1.875 2.08e-19
-1.8725 2.08e-19
-1.87 2.08e-19
-1.8675 2.08e-19
-1.865 2.08e-19
-1.8625 2.08e-19
-1.86 2.08e-19
-1.8575 2.08e-19
-1.855 2.08e-19
-1.8525 2.08e-19
-1.85 2.08e-19
-1.8475 2.08e-19
-1.845 2.08e-19
-1.8425 2.08e-19
-1.84 2.08e-19
-1.8375 2.08e-19
-1.835 2.08e-19
-1.8325 2.08e-19
-1.83 2.08e-19
-1.8275 2.08e-19
-1.825 2.08e-19
-1.8225 2.08e-19
-1.82 2.08e-19
-1.8175 2.08e-19
-1.815 2.08e-19
-1.8125 2.08e-19
-1.81 2.08e-19
-1.8075 2.08e-19
-1.805 2.08e-19
-1.8025 2.08e-19
-1.8 -5.2e-20
-1.7975 -5.2e-20
-1.795 -5.2e-20
-1.7925 -5.2e-20
-1.79 -5.2e-20
-1.7875 -5.2e-20
-1.785 -5.2e-20
-1.7825 -5.2e-20
-1.78 -5.2e-20
-1.7775 -5.2e-20
-1.775 -5.2e-20
-1.7725 -5.2e-20
-1.77 -5.2e-20
-1.7675 -5.2e-20
-1.765 -5.2e-20
-1.7625 -5.2e-20
-1.76 -5.2e-20
-1.7575 -5.2e-20
-1.755 -5.2e-20
-1.7525 -5.2e-20
-1.75 -5.2e-20
-1.7475 -5.2e-20
-1.745 -5.2e-20
-1.7425 -5.2e-20
-1.74 -5.2e-20
-1.7375 -5.2e-20
-1.735 -5.2e-20
-1.7325 -5.2e-20
-1.73 -5.2e-20
-1.7275 -5.2e-20
-1.725 -5.2e-20
-1.7225 -5.2e-20
-1.72 -5.2e-20
-1.7175 -5.2e-20
-1.715 -5.2e-20
-1.7125 -5.2e-20
-1.71 -5.2e-20
-1.7075 -5.2e-20
-1.705 -5.2e-20
-1.7025 -5.2e-20
-1.7 -5.2e-20
-1.6975 -5.2e-20
-1.695 -5.2e-20
-1.6925 -5.2e-20
-1.69 -5.2e-20
-1.6875 -5.2e-20
-1.685 -5.2e-20
-1.6825 -5.2e-20
-1.68 -5.2e-20
-1.6775 -5.2e-20
-1.675 -5.2e-20
-1.6725 -5.2e-20
-1.67 -5.2e-20
-1.6675 -5.2e-20
-1.665 -5.2e-20
-1.6625 -5.2e-20
-1.66 -5.2e-20
-1.6575 -5.2e-20
-1.655 -5.2e-20
-1.6525 -5.2e-20
-1.65 -5.2e-20
-1.6475 -5.2e-20
-1.645 -5.2e-20
-1.6425 -5.2e-20
-1.64 -5.2e-20
-1.6375 -5.2e-20
-1.635 -5.2e-20
-1.6325 -5.2e-20
-1.63 -5.2e-20
-1.6275 -5.2e-20
-1.625 -5.2e-20
-1.6225 -5.2e-20
-1.62 -5.2e-20
-1.6175 -5.2e-20
-1.615 -5.2e-20
-1.6125 -5.2e-20
-1.61 -5.2e-20
-1.6075 -5.2e-20
-1.605 -5.2e-20
-1.6025 -5.2e-20
-1.6 -5.2e-20
-1.5975 -5.2e-20
-1.595 -5.2e-20
-1.5925 -5.2e-20
-1.59 -5.2e-20
-1.5875 -5.2e-20
-1.585 -5.2e-20
-1.5825 -5.2e-20
-1.58 -5.2e-20
-1.5775 -5.2e-20
-1.575 -5.2e-20
-1.5725 -5.2e-20
-1.57 -5.2e-20
-1.5675 -5.2e-20
-1.565 -5.2e-20
-1.5625 -5.2e-20
-1.56 -5.2e-20
-1.5575 -5.2e-20
-1.555 -5.2e-20
-1.5525 -5.2e-20
-1.55 -5.2e-20
-1.5475 -5.2e-20
-1.545 -5.2e-20
-1.5425 -5.2e-20
-1.54 -5.2e-20
-1.5375 -5.2e-20
-1.535 -5.2e-20
-1.5325 -5.2e-20
-1.53 -5.2e-20
-1.5275 -5.2e-20
-1.525 -5.2e-20
-1.5225 -5.2e-20
-1.52 -5.2e-20
-1.5175 -5.2e-20
-1.515 -5.2e-20
-1.5125 -5.2e-20
-1.51 -5.2e-20
-1.5075 -5.2e-20
-1.505 -5.2e-20
-1.5025 -5.2e-20
-1.5 -5.2e-20
-1.4975 -5.2e-20
-1.495 -5.2e-20
-1.4925 -5.2e-20
-1.49 -5.2e-20
-1.4875 -5.2e-20
-1.485 -5.2e-20
-1.4825 -5.2e-20
-1.48 -5.2e-20
-1.4775 -5.2e-20
-1.475 -5.2e-20
-1.4725 -5.2e-20
-1.47 -5.2e-20
-1.4675 -5.2e-20
-1.465 -5.2e-20
-1.4625 -5.2e-20
-1.46 -5.2e-20
-1.4575 -5.2e-20
-1.455 -5.2e-20
-1.4525 -5.2e-20
-1.45 -5.2e-20
-1.4475 -5.2e-20
-1.445 -5.2e-20
-1.4425 -5.2e-20
-1.44 -5.2e-20
-1.4375 -5.2e-20
-1.435 -5.2e-20
-1.4325 -5.2e-20
-1.43 -5.2e-20
-1.4275 -5.2e-20
-1.425 -5.2e-20
-1.4225 -5.2e-20
-1.42 -5.2e-20
-1.4175 -5.2e-20
-1.415 -5.2e-20
-1.4125 -5.2e-20
-1.41 -5.2e-20
-1.4075 -5.2e-20
-1.405 -5.2e-20
-1.4025 -5.2e-20
-1.4 -5.2e-20
-1.3975 -5.2e-20
-1.395 -5.2e-20
-1.3925 -5.2e-20
-1.39 -5.2e-20
-1.3875 -5.2e-20
-1.385 -5.2e-20
-1.3825 -5.2e-20
-1.38 -5.2e-20
-1.3775 -5.2e-20
-1.375 -5.2e-20
-1.3725 -5.2e-20
-1.37 -5.2e-20
-1.3675 -5.2e-20
-1.365 -5.2e-20
-1.3625 -5.2e-20
-1.36 -5.2e-20
-1.3575 -5.2e-20
-1.355 -5.2e-20
-1.3525 -5.2e-20
-1.35 -5.2e-20
-1.3475 -5.2e-20
-1.345 -5.2e-20
-1.3425 -5.2e-20
-1.34 -5.2e-20
-1.3375 -5.2e-20
-1.335 -5.2e-20
-1.3325 -5.2e-20
-1.33 -5.2e-20
-1.3275 -5.2e-20
-1.325 -5.2e-20
-1.3225 -5.2e-20
-1.32 -5.2e-20
-1.3175 -5.2e-20
-1.315 -5.2e-20
-1.3125 -5.2e-20
-1.31 -5.2e-20
-1.3075 -5.2e-20
-1.305 -5.2e-20
-1.3025 -5.2e-20
-1.3 -5.2e-20
-1.2975 -5.2e-20
-1.295 -5.2e-20
-1.2925 -5.2e-20
-1.29 -5.2e-20
-1.2875 -5.2e-20
-1.285 -5.2e-20
-1.2825 -5.2e-20
-1.28 -5.2e-20
-1.2775 -5.2e-20
-1.275 -5.2e-20
-1.2725 -5.2e-20
-1.27 -5.2e-20
-1.2675 -5.2e-20
-1.265 -5.2e-20
-1.2625 -5.2e-20
-1.26 -5.2e-20
-1.2575 -5.2e-20
-1.255 -5.2e-20
-1.2525 -5.2e-20
-1.25 -5.2e-20
-1.2475 -5.2e-20
-1.245 -5.2e-20
-1.2425 -5.2e-20
-1.24 -5.2e-20
-1.2375 -5.2e-20
-1.235 -5.2e-20
-1.2325 -5.2e-20
-1.23 -5.2e-20
-1.2275 -5.2e-20
-1.225 -5.2e-20
-1.2225 -5.2e-20
-1.22 -5.2e-20
-1.2175 -5.2e-20
-1.215 -5.2e-20
-1.2125 -5.2e-20
-1.21 -5.2e-20
-1.2075 -5.2e-20
-1.205 -5.2e-20
-1.2025 -5.2e-20
-1.2 -5.2e-20
-1.1975 -5.2e-20
-1.195 -5.2e-20
-1.1925 -5.2e-20
-1.19 -5.2e-20
-1.1875 -5.2e-20
-1.185 -5.2e-20
-1.1825 -5.2e-20
-1.18 -5.2e-20
-1.1775 -5.2e-20
-1.175 -5.2e-20
-1.1725 -5.2e-20
-1.17 -5.2e-20
-1.1675 -5.2e-20
-1.165 -5.2e-20
-1.1625 -5.2e-20
-1.16 -5.2e-20
-1.1575 -5.2e-20
-1.155 -5.2e-20
-1.1525 -5.2e-20
-1.15 -5.2e-20
-1.1475 -5.2e-20
-1.145 -5.2e-20
-1.1425 -5.2e-20
-1.14 -5.2e-20
-1.1375 -5.2e-20
-1.135 -5.2e-20
-1.1325 -5.2e-20
-1.13 -5.2e-20
-1.1275 -5.2e-20
-1.125 -5.2e-20
-1.1225 -5.2e-20
-1.12 -5.2e-20
-1.1175 -5.2e-20
-1.115 -5.2e-20
-1.1125 -5.2e-20
-1.11 -5.2e-20
-1.1075 -5.2e-20
-1.105 -5.2e-20
-1.1025 -5.2e-20
-1.1 -5.2e-20
-1.0975 -5.2e-20
-1.095 -5.2e-20
-1.0925 -5.2e-20
-1.09 -5.2e-20
-1.0875 -5.2e-20
-1.085 -5.2e-20
-1.0825 -5.2e-20
-1.08 -5.2e-20
-1.0775 -5.2e-20
-1.075 -5.2e-20
-1.0725 -5.2e-20
-1.07 -5.2e-20
-1.0675 -5.2e-20
-1.065 -5.2e-20
-1.0625 -5.2e-20
-1.06 -5.2e-20
-1.0575 -5.2e-20
-1.055 -5.2e-20
-1.0525 -5.2e-20
-1.05 -5.2e-20
-1.0475 -5.2e-20
-1.045 -5.2e-20
-1.0425 -5.2e-20
-1.04 -5.2e-20
-1.0375 -5.2e-20
-1.035 -5.2e-20
-1.0325 -5.2e-20
-1.03 -5.2e-20
-1.0275 -5.2e-20
-1.025 -5.2e-20
-1.0225 -5.2e-20
-1.02 -5.2e-20
-1.0175 -5.2e-20
-1.015 -5.2e-20
-1.0125 -5.2e-20
-1.01 -5.2e-20
-1.0075 -5.2e-20
-1.005 -5.2e-20
-1.0025 -5.2e-20
-1 2.08e-19
-0.9975 2.08e-19
-0.995 2.08e-19
-0.9925 2.08e-19
-0.99 2.08e-19
-0.9875 2.08e-19
-0.985 2.08e-19
-0.9825 2.08e-19
-0.98 2.08e-19
-0.9775 2.08e-19
-0.975 2.08e-19
-0.9725 2.08e-19
-0.97 2.08e-19
-0.9675 2.08e-19
-0.965 2.08e-19
-0.9625 2.08e-19
-0.96 2.08e-19
-0.9575 2.08e-19
-0.955 2.08e-19
-0.9525 2.08e-19
-0.95 2.08e-19
-0.9475 2.08e-19
-0.945 2.08e-19
-0.9425 2.08e-19
-0.94 2.08e-19
-0.9375 2.08e-19
-0.935 2.08e-19
-0.9325 2.08e-19
-0.93 2.08e-19
-0.9275 2.08e-19
-0.925 2.08e-19
-0.9225 2.08e-19
-0.92 2.08e-19
-0.9175 2.08e-19
-0.915 2.08e-19
-0.9125 2.08e-19
-0.91 2.08e-19
-0.9075 2.08e-19
-0.905 2.08e-19
-0.9025 2.08e-19
-0.9 2.08e-19
-0.8975 2.08e-19
-0.895 2.08e-19
-0.8925 2.08e-19
-0.89 2.08e-19
-0.8875 2.08e-19
-0.885 2.08e-19
-0.8825 2.08e-19
-0.88 2.08e-19
-0.8775 2.08e-19
-0.875 2.08e-19
-0.8725 2.08e-19
-0.87 2.08e-19
-0.8675 2.08e-19
-0.865 2.08e-19
-0.8625 2.08e-19
-0.86 2.08e-19
-0.8575 2.08e-19
-0.855 2.08e-19
-0.8525 2.08e-19
-0.85 2.08e-19
-0.8475 2.08e-19
-0.845 2.08e-19
-0.8425 2.08e-19
-0.84 2.08e-19
-0.8375 2.08e-19
-0.835 2.08e-19
-0.8325 2.08e-19
-0.83 2.08e-19
-0.8275 2.08e-19
-0.825 2.08e-19
-0.8225 2.08e-19
-0.82 2.08e-19
-0.8175 2.08e-19
-0.815 2.08e-19
-0.8125 2.08e-19
-0.81 2.08e-19
-0.8075 2.08e-19
-0.805 2.08e-19
-0.8025 2.08e-19
-0.8 2.08e-19
-0.7975 -5.2e-20
-0.795 -5.2e-20
-0.7925 -5.2e-20
-0.79 -5.2e-20
-0.7875 -5.2e-20
-0.785 -5.2e-20
-0.7825 -5.2e-20
-0.78 -5.2e-20
-0.7775 -5.2e-20
-0.775 -5.2e-20
-0.7725 -5.2e-20
-0.77 -5.2e-20
-0.7675 -5.2e-20
-0.765 -5.2e-20
-0.7625 -5.2e-20
-0.76 -5.2e-20
-0.7575 -5.2e-20
-0.755 -5.2e-20
-0.7525 -5.2e-20
-0.75 -5.2e-20
-0.7475 -5.2e-20
-0.745 -5.2e-20
-0.7425 -5.2e-20
-0.74 -5.2e-20
-0.7375 -5.2e-20
-0.735 -5.2e-20
-0.7325 -5.2e-20
-0.73 -5.2e-20
-0.7275 -5.2e-20
-0.725 -5.2e-20
-0.7225 -5.2e-20
-0.72 -5.2e-20
-0.7175 -5.2e-20
-0.715 -5.2e-20
-0.7125 -5.2e-20
-0.71 -5.2e-20
-0.7075 -5.2e-20
-0.705 -5.2e-20
-0.7025 -5.2e-20
-0.7 -5.2e-20
-0.6975 -5.2e-20
-0.695 -5.2e-20
-0.6925 -5.2e-20
-0.69 -5.2e-20
-0.6875 -5.2e-20
-0.685 -5.2e-20
-0.6825 -5.2e-20
-0.68 -5.2e-20
-0.6775 -5.2e-20
-0.675 -5.2e-20
-0.6725 -5.2e-20
-0.67 -5.2e-20
-0.6675 -5.2e-20
-0.665 -5.2e-20
-0.6625 -5.2e-20
-0.66 -5.2e-20
-0.6575 -5.2e-20
-0.655 -5.2e-20
-0.6525 -5.2e-20
-0.65 -5.2e-20
-0.6475 -5.2e-20
-0.645 -5.2e-20
-0.6425 -5.2e-20
-0.64 -5.2e-20
-0.6375 -5.2e-20
-0.635 -5.2e-20
-0.6325 -5.2e-20
-0.63 -5.2e-20
-0.6275 -5.2e-20
-0.625 -5.2e-20
-0.6225 -5.2e-20
-0.62 -5.2e-20
-0.6175 -5.2e-20
-0.615 -5.2e-20
-0.6125 -5.2e-20
-0.61 -5.2e-20
-0.6075 -5.2e-20
-0.605 -5.2e-20
-0.6025 -5.2e-20
-0.6 -5.2e-20
-0.5975 -5.2e-20
-0.595 -5.2e-20
-0.5925 -5.2e-20
-0.59 -5.2e-20
-0.5875 -5.2e-20
-0.585 -5.2e-20
-0.5825 -5.2e-20
-0.58 -5.2e-20
-0.5775 -5.2e-20
-0.575 -5.2e-20
-0.5725 -5.2e-20
-0.57 -5.2e-20
-0.5675 -5.2e-20
-0.565 -5.2e-20
-0.5625 -5.2e-20
-0.56 -5.2e-20
-0.5575 -5.2e-20
-0.555 -5.2e-20
-0.5525 -5.2e-20
-0.55 -5.2e-20
-0.5475 -5.2e-20
-0.545 -5.2e-20
-0.5425 -5.2e-20
-0.54 -5.2e-20
-0.5375 -5.2e-20
-0.535 -5.2e-20
-0.5325 -5.2e-20
-0.53 -5.2e-20
-0.5275 -5.2e-20
-0.525 -5.2e-20
-0.5225 -5.2e-20
-0.52 -5.2e-20
-0.5175 -5.2e-20
-0.515 -5.2e-20
-0.5125 -5.2e-20
-0.51 -5.2e-20
-0.5075 -5.2e-20
-0.505 -5.2e-20
-0.5025 -5.2e-20
-0.5 -5.2e-20
-0.4975 -5.2e-20
-0.495 -5.2e-20
-0.4925 -5.2e-20
-0.49 -5.2e-20
-0.4875 -5.2e-20
-0.485 -5.2e-20
-0.4825 -5.2e-20
-0.48 -5.2e-20
-0.4775 -5.2e-20
-0.475 -5.2e-20
-0.4725 -5.2e-20
-0.47 -5.2e-20
-0.4675 -5.2e-20
-0.465 -5.2e-20
-0.4625 -5.2e-20
-0.46 -5.2e-20
-0.4575 -5.2e-20
-0.455 -5.2e-20
-0.4525 -5.2e-20
-0.45 -5.2e-20
-0.4475 -5.2e-20
-0.445 -5.2e-20
-0.4425 -5.2e-20
-0.44 -5.2e-20
-0.4375 -5.2e-20
-0.435 -5.2e-20
-0.4325 -5.2e-20
-0.43 -5.2e-20
-0.4275 -5.2e-20
-0.425 -5.2e-20
-0.4225 -5.2e-20
-0.42 -5.2e-20
-0.4175 -5.2e-20
-0.415 -5.2e-20
-0.4125 -5.2e-20
-0.41 -5.2e-20
-0.4075 -5.2e-20
-0.405 -5.2e-20
-0.4025 -5.2e-20
-0.4 -5.2e-20
-0.3975 -5.2e-20
-0.395 -5.2e-20
-0.3925 -5.2e-20
-0.39 -5.2e-20
-0.3875 -5.2e-20
-0.385 -5.2e-20
-0.3825 -5.2e-20
-0.38 -5.2e-20
-0.3775 -5.2e-20
-0.375 -5.2e-20
-0.3725 -5.2e-20
-0.37 -5.2e-20
-0.3675 -5.2e-20
-0.365 -5.2e-20
-0.3625 -5.2e-20
-0.36 -5.2e-20
-0.3575 -5.2e-20
-0.355 -5.2e-20
-0.3525 -5.2e-20
-0.35 -5.2e-20
-0.3475 -5.2e-20
-0.345 -5.2e-20
-0.3425 -5.2e-20
-0.34 -5.2e-20
-0.3375 -5.2e-20
-0.335 -5.2e-20
-0.3325 -5.2e-20
-0.33 -5.2e-20
-0.3275 -5.2e-20
-0.325 -5.2e-20
-0.3225 -5.2e-20
-0.32 -5.2e-20
-0.3175 -5.2e-20
-0.315 -5.2e-20
-0.3125 -5.2e-20
-0.31 -5.2e-20
-0.3075 -5.2e-20
-0.305 -5.2e-20
-0.3025 -5.2e-20
-0.3 -5.2e-20
-0.2975 -5.2e-20
-0.295 -5.2e-20
-0.2925 -5.2e-20
-0.29 -5.2e-20
-0.2875 -5.2e-20
-0.285 -5.2e-20
-0.2825 -5.2e-20
-0.28 -5.2e-20
-0.2775 -5.2e-20
-0.275 -5.2e-20
-0.2725 -5.2e-20
-0.27 -5.2e-20
-0.2675 -5.2e-20
-0.265 -5.2e-20
-0.2625 -5.2e-20
-0.26 -5.2e-20
-0.2575 -5.2e-20
-0.255 -5.2e-20
-0.2525 -5.2e-20
-0.25 -5.2e-20
-0.2475 -5.2e-20
-0.245 -5.2e-20
-0.2425 -5.2e-20
-0.24 -5.2e-20
-0.2375 -5.2e-20
-0.235 -5.2e-20
-0.2325 -5.2e-20
-0.23 -5.2e-20
-0.2275 -5.2e-20
-0.225 -5.2e-20
-0.2225 -5.2e-20
-0.22 -5.2e-20
-0.2175 -5.2e-20
-0.215 -5.2e-20
-0.2125 -5.2e-20
-0.21 -5.2e-20
-0.2075 -5.2e-20
-0.205 -5.2e-20
-0.2025 -5.2e-20
-0.2 -5.2e-20
-0.1975 -5.2e-20
-0.195 -5.2e-20
-0.1925 -5.2e-20
-0.19 -5.2e-20
-0.1875 -5.2e-20
-0.185 -5.2e-20
-0.1825 -5.2e-20
-0.18 -5.2e-20
-0.1775 -5.2e-20
-0.175 -5.2e-20
-0.1725 -5.2e-20
-0.17 -5.2e-20
-0.1675 -5.2e-20
-0.165 -5.2e-20
-0.1625 -5.2e-20
-0.16 -5.2e-20
-0.1575 -5.2e-20
-0.155 -5.2e-20
-0.1525 -5.2e-20
-0.15 -5.2e-20
-0.1475 -5.2e-20
-0.145 -5.2e-20
-0.1425 -5.2e-20
-0.14 -5.2e-20
-0.1375 -5.2e-20
-0.135 -5.2e-20
-0.1325 -5.2e-20
-0.13 -5.2e-20
-0.1275 -5.2e-20
-0.125 -5.2e-20
-0.1225 -5.2e-20
-0.12 -5.2e-20
-0.1175 -5.2e-20
-0.115 -5.2e-20
-0.1125 -5.2e-20
-0.11 -5.2e-20
-0.1075 -5.2e-20
-0.105 -5.2e-20
-0.1025 -5.2e-20
-0.1 -5.2e-20
-0.0975 -5.2e-20
-0.095 -5.2e-20
-0.0925 -5.2e-20
-0.09 -5.2e-20
-0.0875 -5.2e-20
-0.085 -5.2e-20
-0.0825 -5.2e-20
-0.08 -5.2e-20
-0.0775 -5.2e-20
-0.075 -5.2e-20
-0.0725 -5.2e-20
-0.07 -5.2e-20
-0.0675 -5.2e-20
-0.065 -5.2e-20
-0.0625 -5.2e-20
-0.06 -5.2e-20
-0.0575 -5.2e-20
-0.055 -5.2e-20
-0.0525 -5.2e-20
-0.05 -5.2e-20
-0.0475 -5.2e-20
-0.045 -5.2e-20
-0.0425 -5.2e-20
-0.04 -5.2e-20
-0.0375 -5.2e-20
-0.035 -5.2e-20
-0.0325 -5.2e-20
-0.03 -5.2e-20
-0.0275 -5.2e-20
-0.025 -5.2e-20
-0.0225 -5.2e-20
-0.02 -5.2e-20
-0.0175 -5.2e-20
-0.015 -5.2e-20
-0.0125 -5.2e-20
-0.01 -5.2e-20
-0.0075 -5.2e-20
-0.005 -5.2e-20
-0.0025 -5.2e-20
0 2.08e-19
0.0025 2.08e-19
0.005 2.08e-19
0.0075 2.08e-19
0.01 2.08e-19
0.0125 2.08e-19
0.015 2.08e-19
0.0175 2.08e-19
0.02 2.08e-19
0.0225 2.08e-19
0.025 2.08e-19
0.0275 2.08e-19
0.03 2.08e-19
0.0325 2.08e-19
0.035 2.08e-19
0.0375 2.08e-19
0.04 2.08e-19
0.0425 2.08e-19
0.045 2.08e-19
0.0475 2.08e-19
0.05 2.08e-19
0.0525 2.08e-19
0.055 2.08e-19
0.0575 2.08e-19
0.06 2.08e-19
0.0625 2.08e-19
0.065 2.08e-19
0.0675 2.08e-19
0.07 2.08e-19
0.0725 2.08e-19
0.075 2.08e-19
0.0775 2.08e-19
0.08 2.08e-19
0.0825 2.08e-19
0.085 2.08e-19
0.0875 2.08e-19
0.09 2.08e-19
0.0925 2.08e-19
0.095 2.08e-19
0.0975 2.08e-19
0.1 2.08e-19
0.1025 2.08e-19
0.105 2.08e-19
0.1075 2.08e-19
0.11 2.08e-19
0.1125 2.08e-19
0.115 2.08e-19
0.1175 2.08e-19
0.12 2.08e-19
0.1225 2.08e-19
0.125 2.08e-19
0.1275 2.08e-19
0.13 2.08e-19
0.1325 2.08e-19
0.135 2.08e-19
0.1375 2.08e-19
0.14 2.08e-19
0.1425 2.08e-19
0.145 2.08e-19
0.1475 2.08e-19
0.15 2.08e-19
0.1525 2.08e-19
0.155 2.08e-19
0.1575 2.08e-19
0.16 2.08e-19
0.1625 2.08e-19
0.165 2.08e-19
0.1675 2.08e-19
0.17 2.08e-19
0.1725 2.08e-19
0.175 2.08e-19
0.1775 2.08e-19
0.18 2.08e-19
0.1825 2.08e-19
0.185 2.08e-19
0.1875 2.08e-19
0.19 2.08e-19
0.1925 2.08e-19
0.195 2.08e-19
0.1975 2.08e-19
0.2 -5.2e-20
0.2025 -5.2e-20
0.205 -5.2e-20
0.2075 -5.2e-20
0.21 -5.2e-20
0.2125 -5.2e-20
0.215 -5.2e-20
0.2175 -5.2e-20
0.22 -5.2e-20
0.2225 -5.2e-20
0.225 -5.2e-20
0.2275 -5.2e-20
0.23 -5.2e-20
0.2325 -5.2e-20
0.235 -5.2e-20
0.2375 -5.2e-20
0.24 -5.2e-20
0.2425 -5.2e-20
0.245 -5.2e-20
0.2475 -5.2e-20
0.25 -5.2e-20
0.2525 -5.2e-20
0.255 -5.2e-20
0.2575 -5.2e-20
0.26 -5.2e-20
0.2625 -5.2e-20
0.265 -5.2e-20
0.2675 -5.2e-20
0.27 -5.2e-20
0.2725 -5.2e-20
0.275 -5.2e-20
0.2775 -5.2e-20
0.28 -5.2e-20
0.2825 -5.2e-20
0.285 -5.2e-20
0.2875 -5.2e-20
0.29 -5.2e-20
0.2925 -5.2e-20
0.295 -5.2e-20
0.2975 -5.2e-20
0.3 -5.2e-20
0.3025 -5.2e-20
0.305 -5.2e-20
0.3075 -5.2e-20
0.31 -5.2e-20
0.3125 -5.2e-20
0.315 -5.2e-20
0.3175 -5.2e-20
0.32 -5.2e-20
0.3225 -5.2e-20
0.325 -5.2e-20
0.3275 -5.2e-20
0.33 -5.2e-20
0.3325 -5.2e-20
0.335 -5.2e-20
0.3375 -5.2e-20
0.34 -5.2e-20
0.3425 -5.2e-20
0.345 -5.2e-20
0.3475 -5.2e-20
0.35 -5.2e-20
0.3525 -5.2e-20
0.355 -5.2e-20
0.3575 -5.2e-20
0.36 -5.2e-20
0.3625 -5.2e-20
0.365 -5.2e-20
0.3675 -5.2e-20
0.37 -5.2e-20
0.3725 -5.2e-20
0.375 -5.2e-20
0.3775 -5.2e-20
0.38 -5.2e-20
0.3825 -5.2e-20
0.385 -5.2e-20
0.3875 -5.2e-20
0.39 -5.2e-20
0.3925 -5.2e-20
0.395 -5.2e-20
0.3975 -5.2e-20
0.4 -5.2e-20
0.4025 -5.2e-20
0.405 -5.2e-20
0.4075 -5.2e-20
0.41 -5.2e-20
0.4125 -5.2e-20
0.415 -5.2e-20
0.4175 -5.2e-20
0.42 -5.2e-20
0.4225 -5.2e-20
0.425 -5.2e-20
0.4275 -5.2e-20
0.43 -5.2e-20
0.4325 -5.2e-20
0.435 -5.2e-20
0.4375 -5.2e-20
0.44 -5.2e-20
0.4425 -5.2e-20
0.445 -5.2e-20
0.4475 -5.2e-20
0.45 -5.2e-20
0.4525 -5.2e-20
0.455 -5.2e-20
0.4575 -5.2e-20
0.46 -5.2e-20
0.4625 -5.2e-20
0.465 -5.2e-20
0.4675 -5.2e-20
0.47 -5.2e-20
0.4725 -5.2e-20
0.475 -5.2e-20
0.4775 -5.2e-20
0.48 -5.2e-20
0.4825 -5.2e-20
0.485 -5.2e-20
0.4875 -5.2e-20
0.49 -5.2e-20
0.4925 -5.2e-20
0.495 -5.2e-20
0.4975 -5.2e-20
0.5 -5.2e-20
0.5025 -5.2e-20
0.505 -5.2e-20
0.5075 -5.2e-20
0.51 -5.2e-20
0.5125 -5.2e-20
0.515 -5.2e-20
0.5175 -5.2e-20
0.52 -5.2e-20
0.5225 -5.2e-20
0.525 -5.2e-20
0.5275 -5.2e-20
0.53 -5.2e-20
0.5325 -5.2e-20
0.535 -5.2e-20
0.5375 -5.2e-20
0.54 -5.2e-20
0.5425 -5.2e-20
0.545 -5.2e-20
0.5475 -5.2e-20
0.55 -5.2e-20
0.5525 -5.2e-20
0.555 -5.2e-20
0.5575 -5.2e-20
0.56 -5.2e-20
0.5625 -5.2e-20
0.565 -5.2e-20
0.5675 -5.2e-20
0.57 -5.2e-20
0.5725 -5.2e-20
0.575 -5.2e-20
0.5775 -5.2e-20
0.58 -5.2e-20
0.5825 -5.2e-20
0.585 -5.2e-20
0.5875 -5.2e-20
0.59 -5.2e-20
0.5925 -5.2e-20
0.595 -5.2e-20
0.5975 -5.2e-20
0.6 -5.2e-20
0.6025 -5.2e-20
0.605 -5.2e-20
0.6075 -5.2e-20
0.61 -5.2e-20
0.6125 -5.2e-20
0.615 -5.2e-20
0.6175 -5.2e-20
0.62 -5.2e-20
0.6225 -5.2e-20
0.625 -5.2e-20
0.6275 -5.2e-20
0.63 -5.2e-20
0.6325 -5.2e-20
0.635 -5.2e-20
0.6375 -5.2e-20
0.64 -5.2e-20
0.6425 -5.2e-20
0.645 -5.2e-20
0.6475 -5.2e-20
0.65 -5.2e-20
0.6525 -5.2e-20
0.655 -5.2e-20
0.6575 -5.2e-20
0.66 -5.2e-20
0.6625 -5.2e-20
0.665 -5.2e-20
0.6675 -5.2e-20
0.67 -5.2e-20
0.6725 -5.2e-20
0.675 -5.2e-20
0.6775 -5.2e-20
0.68 -5.2e-20
0.6825 -5.2e-20
0.685 -5.2e-20
0.6875 -5.2e-20
0.69 -5.2e-20
0.6925 -5.2e-20
0.695 -5.2e-20
0.6975 -5.2e-20
0.7 -5.2e-20
0.7025 -5.2e-20
0.705 -5.2e-20
0.7075 -5.2e-20
0.71 -5.2e-20
0.7125 -5.2e-20
0.715 -5.2e-20
0.7175 -5.2e-20
0.72 -5.2e-20
0.7225 -5.2e-20
0.725 -5.2e-20
0.7275 -5.2e-20
0.73 -5.2e-20
0.7325 -5.2e-20
0.735 -5.2e-20
0.7375 -5.2e-20
0.74 -5.2e-20
0.7425 -5.2e-20
0.745 -5.2e-20
0.7475 -5.2e-20
0.75 -5.2e-20
0.7525 -5.2e-20
0.755 -5.2e-20
0.7575 -5.2e-20
0.76 -5.2e-20
0.7625 -5.2e-20
0.765 -5.2e-20
0.7675 -5.2e-20
0.77 -5.2e-20
0.7725 -5.2e-20
0.775 -5.2e-20
0.7775 -5.2e-20
0.78 -5.2e-20
0.7825 -5.2e-20
0.785 -5.2e-20
0.7875 -5.2e-20
0.79 -5.2e-20
0.7925 -5.2e-20
0.795 -5.2e-20
0.7975 -5.2e-20
0.8 -5.2e-20
0.8025 -5.2e-20
0.805 -5.2e-20
0.8075 -5.2e-20
0.81 -5.2e-20
0.8125 -5.2e-20
0.815 -5.2e-20
0.8175 -5.2e-20
0.82 -5.2e-20
0.8225 -5.2e-20
0.825 -5.2e-20
0.8275 -5.2e-20
0.83 -5.2e-20
0.8325 -5.2e-20
0.835 -5.2e-20
0.8375 -5.2e-20
0.84 -5.2e-20
0.8425 -5.2e-20
0.845 -5.2e-20
0.8475 -5.2e-20
0.85 -5.2e-20
0.8525 -5.2e-20
0.855 -5.2e-20
0.8575 -5.2e-20
0.86 -5.2e-20
0.8625 -5.2e-20
0.865 -5.2e-20
0.8675 -5.2e-20
0.87 -5.2e-20
0.8725 -5.2e-20
0.875 -5.2e-20
0.8775 -5.2e-20
0.88 -5.2e-20
0.8825 -5.2e-20
0.885 -5.2e-20
0.8875 -5.2e-20
0.89 -5.2e-20
0.8925 -5.2e-20
0.895 -5.2e-20
0.8975 -5.2e-20
0.9 -5.2e-20
0.9025 -5.2e-20
0.905 -5.2e-20
0.9075 -5.2e-20
0.91 -5.2e-20
0.9125 -5.2e-20
0.915 -5.2e-20
0.9175 -5.2e-20
0.92 -5.2e-20
0.9225 -5.2e-20
0.925 -5.2e-20
0.9275 -5.2e-20
0.93 -5.2e-20
0.9325 -5.2e-20
0.935 -5.2e-20
0.9375 -5.2e-20
0.94 -5.2e-20
0.9425 -5.2e-20
0.945 -5.2e-20
0.9475 -5.2e-20
0.95 -5.2e-20
0.9525 -5.2e-20
0.955 -5.2e-20
0.9575 -5.2e-20
0.96 -5.2e-20
0.9625 -5.2e-20
0.965 -5.2e-20
0.9675 -5.2e-20
0.97 -5.2e-20
0.9725 -5.2e-20
0.975 -5.2e-20
0.9775 -5.2e-20
0.98 -5.2e-20
0.9825 -5.2e-20
0.985 -5.2e-20
0.9875 -5.2e-20
0.99 -5.2e-20
0.9925 -5.2e-20
0.995 -5.2e-20
0.9975 -5.2e-20
1 2.08e-19
1.0025 2.08e-19
1.005 2.08e-19
1.0075 2.08e-19
1.01 2.08e-19
1.0125 2.08e-19
1.015 2.08e-19
1.0175 2.08e-19
1.02 2.08e-19
1.0225 2.08e-19
1.025 2.08e-19
1.0275 2.08e-19
1.03 2.08e-19
1.0325 2.08e-19
1.035 2.08e-19
1.0375 2.08e-19
1.04 2.08e-19
1.0425 2.08e-19
1.045 2.08e-19
1.0475 2.08e-19
1.05 2.08e-19
1.0525 2.08e-19
1.055 2.08e-19
1.0575 2.08e-19
1.06 2.08e-19
1.0625 2.08e-19
1.065 2.08e-19
1.0675 2.08e-19
1.07 2.08e-19
1.0725 2.08e-19
1.075 2.08e-19
1.0775 2.08e-19
1.08 2.08e-19
1.0825 2.08e-19
1.085 2.08e-19
1.0875 2.08e-19
1.09 2.08e-19
1.0925 2.08e-19
1.095 2.08e-19
1.0975 2.08e-19
1.1 2.08e-19
1.1025 2.08e-19
1.105 2.08e-19
1.1075 2.08e-19
1.11 2.08e-19
1.1125 2.08e-19
1.115 2.08e-19
1.1175 2.08e-19
1.12 2.08e-19
1.1225 2.08e-19
1.125 2.08e-19
1.1275 2.08e-19
1.13 2.08e-19
1.1325 2.08e-19
1.135 2.08e-19
1.1375 2.08e-19
1.14 2.08e-19
1.1425 2.08e-19
1.145 2.08e-19
1.1475 2.08e-19
1.15 2.08e-19
1.1525 2.08e-19
1.155 2.08e-19
1.1575 2.08e-19
1.16 2.08e-19
1.1625 2.08e-19
1.165 2.08e-19
1.1675 2.08e-19
1.17 2.08e-19
1.1725 2.08e-19
1.175 2.08e-19
1.1775 2.08e-19
1.18 2.08e-19
1.1825 2.08e-19
1.185 2.08e-19
1.1875 2.08e-19
1.19 2.08e-19
1.1925 2.08e-19
1.195 2.08e-19
1.1975 2.08e-19
1.2 -5.2e-20
1.2025 -5.2e-20
1.205 -5.2e-20
1.2075 -5.2e-20
1.21 -5.2e-20
1.2125 -5.2e-20
1.215 -5.2e-20
1.2175 -5.2e-20
1.22 -5.2e-20
1.2225 -5.2e-20
1.225 -5.2e-20
1.2275 -5.2e-20
1.23 -5.2e-20
1.2325 -5.2e-20
1.235 -5.2e-20
1.2375 -5.2e-20
1.24 -5.2e-20
1.2425 -5.2e-20
1.245 -5.2e-20
1.2475 -5.2e-20
1.25 -5.2e-20
1.2525 -5.2e-20
1.255 -5.2e-20
1.2575 -5.2e-20
1.26 -5.2e-20
1.2625 -5.2e-20
1.265 -5.2e-20
1.2675 -5.2e-20
1.27 -5.2e-20
1.2725 -5.2e-20
1.275 -5.2e-20
1.2775 -5.2e-20
1.28 -5.2e-20
1.2825 -5.2e-20
1.285 -5.2e-20
1.2875 -5.2e-20
1.29 -5.2e-20
1.2925 -5.2e-20
1.295 -5.2e-20
1.2975 -5.2e-20
1.3 -5.2e-20
1.3025 -5.2e-20
1.305 -5.2e-20
1.3075 -5.2e-20
1.31 -5.2e-20
1.3125 -5.2e-20
1.315 -5.2e-20
1.3175 -5.2e-20
1.32 -5.2e-20
1.3225 -5.2e-20
1.325 -5.2e-20
1.3275 -5.2e-20
1.33 -5.2e-20
1.3325 -5.2e-20
1.335 -5.2e-20
1.3375 -5.2e-20
1.34 -5.2e-20
1.3425 -5.2e-20
1.345 -5.2e-20
1.3475 -5.2e-20
1.35 -5.2e-20
1.3525 -5.2e-20
1.355 -5.2e-20
1.3575 -5.2e-20
1.36 -5.2e-20
1.3625 -5.2e-20
1.365 -5.2e-20
1.3675 -5.2e-20
1.37 -5.2e-20
1.3725 -5.2e-20
1.375 -5.2e-20
1.3775 -5.2e-20
1.38 -5.2e-20
1.3825 -5.2e-20
1.385 -5.2e-20
1.3875 -5.2e-20
1.39 -5.2e-20
1.3925 -5.2e-20
1.395 -5.2e-20
1.3975 -5.2e-20
1.4 -5.2e-20
1.4025 -5.2e-20
1.405 -5.2e-20
1.4075 -5.2e-20
1.41 -5.2e-20
1.4125 -5.2e-20
1.415 -5.2e-20
1.4175 -5.2e-20
1.42 -5.2e-20
1.4225 -5.2e-20
1.425 -5.2e-20
1.4275 -5.2e-20
1.43 -5.2e-20
1.4325 -5.2e-20
1.435 -5.2e-20
1.4375 -5.2e-20
1.44 -5.2e-20
1.4425 -5.2e-20
1.445 -5.2e-20
1.4475 -5.2e-20
1.45 -5.2e-20
1.4525 -5.2e-20
1.455 -5.2e-20
1.4575 -5.2e-20
1.46 -5.2e-20
1.4625 -5.2e-20
1.465 -5.2e-20
1.4675 -5.2e-20
1.47 -5.2e-20
1.4725 -5.2e-20
1.475 -5.2e-20
1.4775 -5.2e-20
1.48 -5.2e-20
1.4825 -5.2e-20
1.485 -5.2e-20
1.4875 -5.2e-20
1.49 -5.2e-20
1.4925 -5.2e-20
1.495 -5.2e-20
1.4975 -5.2e-20
1.5 -5.2e-20
1.5025 -5.2e-20
1.505 -5.2e-20
1.5075 -5.2e-20
1.51 -5.2e-20
1.5125 -5.2e-20
1.515 -5.2e-20
1.5175 -5.2e-20
1.52 -5.2e-20
1.5225 -5.2e-20
1.525 -5.2e-20
1.5275 -5.2e-20
1.53 -5.2e-20
1.5325 -5.2e-20
1.535 -5.2e-20
1.5375 -5.2e-20
1.54 -5.2e-20
1.5425 -5.2e-20
1.545 -5.2e-20
1.5475 -5.2e-20
1.55 -5.2e-20
1.5525 -5.2e-20
1.555 -5.2e-20
1.5575 -5.2e-20
1.56 -5.2e-20
1.5625 -5.2e-20
1.565 -5.2e-20
1.5675 -5.2e-20
1.57 -5.2e-20
1.5725 -5.2e-20
1.575 -5.2e-20
1.5775 -5.2e-20
1.58 -5.2e-20
1.5825 -5.2e-20
1.585 -5.2e-20
1.5875 -5.2e-20
1.59 -5.2e-20
1.5925 -5.2e-20
1.595 -5.2e-20
1.5975 -5.2e-20
1.6 -5.2e-20
1.6025 -5.2e-20
1.605 -5.2e-20
1.6075 -5.2e-20
1.61 -5.2e-20
1.6125 -5.2e-20
1.615 -5.2e-20
1.6175 -5.2e-20
1.62 -5.2e-20
1.6225 -5.2e-20
1.625 -5.2e-20
1.6275 -5.2e-20
1.63 -5.2e-20
1.6325 -5.2e-20
1.635 -5.2e-20
1.6375 -5.2e-20
1.64 -5.2e-20
1.6425 -5.2e-20
1.645 -5.2e-20
1.6475 -5.2e-20
1.65 -5.2e-20
1.6525 -5.2e-20
1.655 -5.2e-20
1.6575 -5.2e-20
1.66 -5.2e-20
1.6625 -5.2e-20
1.665 -5.2e-20
1.6675 -5.2e-20
1.67 -5.2e-20
1.6725 -5.2e-20
1.675 -5.2e-20
1.6775 -5.2e-20
1.68 -5.2e-20
1.6825 -5.2e-20
1.685 -5.2e-20
1.6875 -5.2e-20
1.69 -5.2e-20
1.6925 -5.2e-20
1.695 -5.2e-20
1.6975 -5.2e-20
1.7 -5.2e-20
1.7025 -5.2e-20
1.705 -5.2e-20
1.7075 -5.2e-20
1.71 -5.2e-20
1.7125 -5.2e-20
1.715 -5.2e-20
1.7175 -5.2e-20
1.72 -5.2e-20
1.7225 -5.2e-20
1.725 -5.2e-20
1.7275 -5.2e-20
1.73 -5.2e-20
1.7325 -5.2e-20
1.735 -5.2e-20
1.7375 -5.2e-20
1.74 -5.2e-20
1.7425 -5.2e-20
1.745 -5.2e-20
1.7475 -5.2e-20
1.75 -5.2e-20
1.7525 -5.2e-20
1.755 -5.2e-20
1.7575 -5.2e-20
1.76 -5.2e-20
1.7625 -5.2e-20
1.765 -5.2e-20
1.7675 -5.2e-20
1.77 -5.2e-20
1.7725 -5.2e-20
1.775 -5.2e-20
1.7775 -5.2e-20
1.78 -5.2e-20
1.7825 -5.2e-20
1.785 -5.2e-20
1.7875 -5.2e-20
1.79 -5.2e-20
1.7925 -5.2e-20
1.795 -5.2e-20
1.7975 -5.2e-20
1.8 -5.2e-20
1.8025 -5.2e-20
1.805 -5.2e-20
1.8075 -5.2e-20
1.81 -5.2e-20
1.8125 -5.2e-20
1.815 -5.2e-20
1.8175 -5.2e-20
1.82 -5.2e-20
1.8225 -5.2e-20
1.825 -5.2e-20
1.8275 -5.2e-20
1.83 -5.2e-20
1.8325 -5.2e-20
1.835 -5.2e-20
1.8375 -5.2e-20
1.84 -5.2e-20
1.8425 -5.2e-20
1.845 -5.2e-20
1.8475 -5.2e-20
1.85 -5.2e-20
1.8525 -5.2e-20
1.855 -5.2e-20
1.8575 -5.2e-20
1.86 -5.2e-20
1.8625 -5.2e-20
1.865 -5.2e-20
1.8675 -5.2e-20
1.87 -5.2e-20
1.8725 -5.2e-20
1.875 -5.2e-20
1.8775 -5.2e-20
1.88 -5.2e-20
1.8825 -5.2e-20
1.885 -5.2e-20
1.8875 -5.2e-20
1.89 -5.2e-20
1.8925 -5.2e-20
1.895 -5.2e-20
1.8975 -5.2e-20
1.9 -5.2e-20
1.9025 -5.2e-20
1.905 -5.2e-20
1.9075 -5.2e-20
1.91 -5.2e-20
1.9125 -5.2e-20
1.915 -5.2e-20
1.9175 -5.2e-20
1.92 -5.2e-20
1.9225 -5.2e-20
1.925 -5.2e-20
1.9275 -5.2e-20
1.93 -5.2e-20
1.9325 -5.2e-20
1.935 -5.2e-20
1.9375 -5.2e-20
1.94 -5.2e-20
1.9425 -5.2e-20
1.945 -5.2e-20
1.9475 -5.2e-20
1.95 -5.2e-20
1.9525 -5.2e-20
1.955 -5.2e-20
1.9575 -5.2e-20
1.96 -5.2e-20
1.9625 -5.2e-20
1.965 -5.2e-20
1.9675 -5.2e-20
1.97 -5.2e-20
1.9725 -5.2e-20
1.975 -5.2e-20
1.9775 -5.2e-20
1.98 -5.2e-20
1.9825 -5.2e-20
1.985 -5.2e-20
1.9875 -5.2e-20
1.99 -5.2e-20
1.9925 -5.2e-20
1.995 -5.2e-20
1.9975 -5.2e-20
2 2.08e-19
2.0025 2.08e-19
2.005 2.08e-19
2.0075 2.08e-19
2.01 2.08e-19
2.0125 2.08e-19
2.015 2.08e-19
2.0175 2.08e-19
2.02 2.08e-19
2.0225 2.08e-19
2.025 2.08e-19
2.0275 2.08e-19
2.03 2.08e-19
2.0325 2.08e-19
2.035 2.08e-19
2.0375 2.08e-19
2.04 2.08e-19
2.0425 2.08e-19
2.045 2.08e-19
2.0475 2.08e-19
2.05 2.08e-19
2.0525 2.08e-19
2.055 2.08e-19
2.0575 2.08e-19
2.06 2.08e-19
2.0625 2.08e-19
2.065 2.08e-19
2.0675 2.08e-19
2.07 2.08e-19
2.0725 2.08e-19
2.075 2.08e-19
2.0775 2.08e-19
2.08 2.08e-19
2.0825 2.08e-19
2.085 2.08e-19
2.0875 2.08e-19
2.09 2.08e-19
2.0925 2.08e-19
2.095 2.08e-19
2.0975 2.08e-19
2.1 2.08e-19
2.1025 2.08e-19
2.105 2.08e-19
2.1075 2.08e-19
2.11 2.08e-19
2.1125 2.08e-19
2.115 2.08e-19
2.1175 2.08e-19
2.12 2.08e-19
2.1225 2.08e-19
2.125 2.08e-19
2.1275 2.08e-19
2.13 2.08e-19
2.1325 2.08e-19
2.135 2.08e-19
2.1375 2.08e-19
2.14 2.08e-19
2.1425 2.08e-19
2.145 2.08e-19
2.1475 2.08e-19
2.15 2.08e-19
2.1525 2.08e-19
2.155 2.08e-19
2.1575 2.08e-19
2.16 2.08e-19
2.1625 2.08e-19
2.165 2.08e-19
2.1675 2.08e-19
2.17 2.08e-19
2.1725 2.08e-19
2.175 2.08e-19
2.1775 2.08e-19
2.18 2.08e-19
2.1825 2.08e-19
2.185 2.08e-19
2.1875 2.08e-19
2.19 2.08e-19
2.1925 2.08e-19
2.195 2.08e-19
2.1975 2.08e-19
2.2 -5.2e-20
2.2025 -5.2e-20
2.205 -5.2e-20
2.2075 -5.2e-20
2.21 -5.2e-20
2.2125 -5.2e-20
2.215 -5.2e-20
2.2175 -5.2e-20
2.22 -5.2e-20
2.2225 -5.2e-20
2.225 -5.2e-20
2.2275 -5.2e-20
2.23 -5.2e-20
2.2325 -5.2e-20
2.235 -5.2e-20
2.2375 -5.2e-20
2.24 -5.2e-20
2.2425 -5.2e-20
2.245 -5.2e-20
2.2475 -5.2e-20
2.25 -5.2e-20
2.2525 -5.2e-20
2.255 -5.2e-20
2.2575 -5.2e-20
2.26 -5.2e-20
2.2625 -5.2e-20
2.265 -5.2e-20
2.2675 -5.2e-20
2.27 -5.2e-20
2.2725 -5.2e-20
2.275 -5.2e-20
2.2775 -5.2e-20
2.28 -5.2e-20
2.2825 -5.2e-20
2.285 -5.2e-20
2.2875 -5.2e-20
2.29 -5.2e-20
2.2925 -5.2e-20
2.295 -5.2e-20
2.2975 -5.2e-20
2.3 -5.2e-20
2.3025 -5.2e-20
2.305 -5.2e-20
2.3075 -5.2e-20
2.31 -5.2e-20
2.3125 -5.2e-20
2.315 -5.2e-20
2.3175 -5.2e-20
2.32 -5.2e-20
2.3225 -5.2e-20
2.325 -5.2e-20
2.3275 -5.2e-20
2.33 -5.2e-20
2.3325 -5.2e-20
2.335 -5.2e-20
2.3375 -5.2e-20
2.34 -5.2e-20
2.3425 -5.2e-20
2.345 -5.2e-20
2.3475 -5.2e-20
2.35 -5.2e-20
2.3525 -5.2e-20
2.355 -5.2e-20
2.3575 -5.2e-20
2.36 -5.2e-20
2.3625 -5.2e-20
2.365 -5.2e-20
2.3675 -5.2e-20
2.37 -5.2e-20
2.3725 -5.2e-20
2.375 -5.2e-20
2.3775 -5.2e-20
2.38 -5.2e-20
2.3825 -5.2e-20
2.385 -5.2e-20
2.3875 -5.2e-20
2.39 -5.2e-20
2.3925 -5.2e-20
2.395 -5.2e-20
2.3975 -5.2e-20
2.4 -5.2e-20
2.4025 -5.2e-20
2.405 -5.2e-20
2.4075 -5.2e-20
2.41 -5.2e-20
2.4125 -5.2e-20
2.415 -5.2e-20
2.4175 -5.2e-20
2.42 -5.2e-20
2.4225 -5.2e-20
2.425 -5.2e-20
2.4275 -5.2e-20
2.43 -5.2e-20
2.4325 -5.2e-20
2.435 -5.2e-20
2.4375 -5.2e-20
2.44 -5.2e-20
2.4425 -5.2e-20
2.445 -5.2e-20
2.4475 -5.2e-20
2.45 -5.2e-20
2.4525 -5.2e-20
2.455 -5.2e-20
2.4575 -5.2e-20
2.46 -5.2e-20
2.4625 -5.2e-20
2.465 -5.2e-20
2.4675 -5.2e-20
2.47 -5.2e-20
2.4725 -5.2e-20
2.475 -5.2e-20
2.4775 -5.2e-20
2.48 -5.2e-20
2.4825 -5.2e-20
2.485 -5.2e-20
2.4875 -5.2e-20
2.49 -5.2e-20
2.4925 -5.2e-20
2.495 -5.2e-20
2.4975 -5.2e-20
2.5 -5.2e-20
